32 19  4 17 36 25 
 3 16 33 26  5 14 
20 31 18 15 24 35 
 9  2 27 34 13  6 
30 21  8 11 28 23 
 1 10 29 22  7 12 

 4 29 16 13  6 31 
17 12  5 30 23 14 
28  3 36 15 32  7 
11 18  9 24 35 22 
 2 27 20 33  8 25 
19 10  1 26 21 34 

 0  0  0  0  0  0  0  0  0 
 0  0  0  0  0  0  0  0  0 
 0  0  0  0  0  0  0  0  0 
 0  0  0  0  0  0  0  0  0 
 0  0  0  0  0  0  0  0  0 
 0  0  0  0  0  0  0  0  0 
 0  0  0  0  0  0  0  0  0 
 0  0  0  0  0  0  0  0  0 
 0  0  0  0  0  0  0  0  0 

27 22 47  2 29 20 81 60 31 18 
46  3 28 21 84 61 30 19 80 59 
23 26 75 48  1 100 77 82 17 32 
 4 45 24 85 76 83 62 99 58 79 
25 72 49 74 93 86 97 78 33 16 
44  5 92 71 88 65 94 63 98 57 
69 40 73 50 91 96 87 56 15 34 
 6 43 70 89 66 51 64 95 12 55 
39 68 41  8 37 90 53 10 35 14 
42  7 38 67 52  9 36 13 54 11 

36 15 64 45 34 17 30 27 
61 44 35 16 57 28 33 18 
14 37 60 63 46 31 26 29 
43 62 47 56  1 58 19 32 
38 13 42 59 52 55  2 25 
 7 10 53 48 41 22 51 20 
12 39  8  5 54 49 24  3 
 9  6 11 40 23  4 21 50 

